{
	"Calibration": {
		"Dynamic": {
			"CalibrationHistory": [
				{
					"Epipolar": 0.00023869314449413481,
					"Time": 13138253805.9212379
				},
				{
					"Epipolar": 0.000231377947291079377,
					"Time": 13138253807.921423
				},
				{
					"Epipolar": 0.000233301907465948544,
					"Time": 13138253809.9215603
				},
				{
					"Epipolar": 0.000218773488422191459,
					"Time": 13138253870.9331646
				},
				{
					"Epipolar": 0.000278310522865972724,
					"Time": 13138253931.938055
				},
				{
					"Epipolar": 0.0002243444666060743,
					"Time": 13138253992.9427605
				},
				{
					"Epipolar": 0.000217933227498968979,
					"Time": 13138254053.9472122
				},
				{
					"Epipolar": 0.000223292103008592015,
					"Time": 13138254114.9528828
				},
				{
					"Epipolar": 0.000215489777711280381,
					"Time": 13138254175.9811935
				}
			],
			"Stereo": {
				"Angle": {
					"Epipolar": 0.00023869314449413481,
					"Vergence": 0
				},
				"Left": {
					"Camera": [
						[
							607.596364243934659,
							0,
							0
						],
						[
							0,
							607.596364243934659,
							0
						],
						[
							261.181446961983738,
							220.601666542238547,
							1
						]
					],
					"Rotation": [
						[
							0.996702338543427935,
							-0.000369695366455212167,
							-0.0811437715872145582
						],
						[
							0.0006636307664319856,
							0.999993316097099072,
							0.00359546315974813846
						],
						[
							0.0811419000040538296,
							-0.00363745604279731762,
							0.996695922022995284
						]
					]
				},
				"Reprojection": [
					[
						1,
						0,
						0,
						0
					],
					[
						0,
						1,
						0,
						0
					],
					[
						0,
						0,
						0,
						0.00990317594310187975
					],
					[
						-261.181446961983738,
						-220.601666542238547,
						607.596364243934659,
						1.48640978699903248
					]
				],
				"Right": {
					"Camera": [
						[
							607.596364243934659,
							0,
							0
						],
						[
							0,
							607.596364243934659,
							0
						],
						[
							411.275699102823523,
							220.601666542238547,
							1
						]
					],
					"Rotation": [
						[
							0.997780529528089488,
							0.00560837800399858685,
							0.0663517971935165818
						],
						[
							-0.00538163925808426112,
							0.999979055070197353,
							-0.00359546656375764198
						],
						[
							-0.0663705721953723737,
							0.00323040509526556626,
							0.997789813352180532
						]
					]
				}
			}
		},
		"Monocular": {
			"Left": {
				"Camera": [
					[
						626.743516615815565,
						0,
						0
					],
					[
						0,
						626.608651195224866,
						0
					],
					[
						353.735306484367527,
						228.693414203670557,
						1
					]
				],
				"Distortion": [
					-0.443374857533918643,
					0.250473790762366477,
					5.98528579362717983e-05,
					0.000318099017227221025,
					-0.0921037798408639308
				]
			},
			"Right": {
				"Camera": [
					[
						628.984468490783684,
						0,
						0
					],
					[
						0,
						628.924291082453351,
						0
					],
					[
						359.921933167854093,
						218.36567661341499,
						1
					]
				],
				"Distortion": [
					-0.442140065392049642,
					0.245346434513161488,
					4.71924922192548687e-05,
					0.000386673578674646154,
					-0.085218780000478056
				]
			}
		},
		"Stereo": {
			"Angle": {
				"Epipolar": 0.00766838436511232263,
				"OpticalAxis": -0.00598815237491895965,
				"Vergence": 0.147633462066715349
			},
			"Baseline": 100.977707126021159,
			"Left": {
				"Camera": [
					[
						607.596364243934659,
						0,
						0
					],
					[
						0,
						607.596364243934659,
						0
					],
					[
						261.181446961983738,
						220.601666542238547,
						1
					]
				],
				"Rotation": [
					[
						0.996702338543427935,
						-0.000350326894111274907,
						-0.0811438575194037004
					],
					[
						0.0006636307664319856,
						0.999992429397681626,
						0.00383415460414921177
					],
					[
						0.0811419000040538296,
						-0.00387536042064942025,
						0.996695025394098266
					]
				]
			},
			"Rectification": true,
			"Reprojection": [
				[
					1,
					0,
					0,
					0
				],
				[
					0,
					1,
					0,
					0
				],
				[
					0,
					0,
					0,
					0.00990317594310187975
				],
				[
					-261.181446961983738,
					-220.601666542238547,
					607.596364243934659,
					1.48640978699903248
				]
			],
			"Right": {
				"Camera": [
					[
						607.596364243934659,
						0,
						0
					],
					[
						0,
						607.596364243934659,
						0
					],
					[
						411.275699102823523,
						220.601666542238547,
						1
					]
				],
				"Rotation": [
					[
						0.997780529528089488,
						0.00562421556319612007,
						0.0663504566219705327
					],
					[
						-0.00538163925808426112,
						0.999978168370373677,
						-0.0038341546041492959
					],
					[
						-0.0663705721953723737,
						0.00346857058907203315,
						0.997789013852391271
					]
				]
			}
		}
	},
	"EepromId": 1,
	"Images": {
		"DisparityMap": 13138254200.1669998,
		"Normals": null,
		"PointMap": null,
		"Raw": {
			"Left": 13138254200.1669998,
			"Right": 13138254200.1669998
		},
		"Rectified": {
			"Left": 13138254200.1669998,
			"Right": 13138254200.1669998
		},
		"WithOverlay": {
			"Left": null,
			"Right": null
		}
	},
	"Link": {
		"Rotation": {
			"Angle": 0,
			"Axis": [
				1,
				0,
				0
			]
		},
		"Target": "",
		"Translation": [
			0,
			0,
			0
		]
	},
	"ModelName": "N10-304-18",
	"Parameters": {
		"Capture": {
			"AbsoluteBlackLevelOffset": 0,
			"AutoBlackLevel": false,
			"AutoExposure": true,
			"AutoGain": true,
			"Binning": 1,
			"BlackLevelOffset": 1,
			"BlackLevelOffsetCalibration": {
				"Left": 0,
				"Right": 0
			},
			"Exposure": 6.66235714285714309,
			"FlashDelay": 0,
			"FrontLight": false,
			"Gain": 2.62999999999999989,
			"GainBoost": false,
			"HardwareGamma": true,
			"Hdr": false,
			"MaxFlashTime": 7,
			"MaxGain": 4,
			"MultiExposureFactor": 1,
			"PixelClock": 14,
			"Projector": true,
			"TargetBrightness": 196,
			"TriggerDelay": 0,
			"TriggerMode": "Software",
			"Triggered": true,
			"UseDisparityMapAreaOfInterest": false,
			"UseRecalibrator": true
		},
		"DisparityMap": {
			"AreaOfInterest": {
				"LeftTop": [
					0,
					0
				],
				"RightBottom": [
					751,
					479
				]
			},
			"MeasurementVolume": {
				"Far": {
					"DisparityStep": 144.660053132697641,
					"LeftBottom": [
						-1280.62449064499788,
						1266.97833256137756,
						2979.16560892205371
					],
					"LeftTop": [
						-1280.62449064499788,
						-1081.65377034691255,
						2979.16560892205371
					],
					"PixelSize": 4.90319854469371652,
					"RightBottom": [
						2401.67761641998322,
						1266.97833256137756,
						2979.16560892205371
					],
					"RightTop": [
						2401.67761641998322,
						-1081.65377034691255,
						2979.16560892205371
					]
				},
				"Near": {
					"DisparityStep": 1.04250862796734722,
					"LeftBottom": [
						-108.71446221556107,
						107.556015888627172,
						252.906600952111575
					],
					"LeftTop": [
						-108.71446221556107,
						-91.8234883103575896,
						252.906600952111575
					],
					"PixelSize": 0.416241136114790744,
					"RightBottom": [
						203.882631006646761,
						107.556015888627172,
						252.906600952111575
					],
					"RightTop": [
						203.882631006646761,
						-91.8234883103575896,
						252.906600952111575
					]
				}
			},
			"PostProcessing": {
				"Filling": {
					"BorderSpread": 3,
					"RegionSize": 150
				},
				"MedianFilterRadius": 2,
				"SpeckleRemoval": {
					"ComponentThreshold": 3,
					"RegionSize": 150
				},
				"UniquenessOffset": 16,
				"UniquenessRatio": 10
			},
			"Scaling": 1,
			"StereoMatching": {
				"CostScale": -3,
				"DepthChangeCost": 5,
				"DepthStepCost": 30,
				"Method": "SgmAlignedAndDiagonal",
				"MinimumDisparity": -130,
				"NumberOfDisparities": 224,
				"Padding": true,
				"PropagationDecay": 3,
				"ScaledMinimumDisparity": -130,
				"ScaledNumberOfDisparities": 224,
				"ShadowingThreshold": 1
			},
			"ValidRegion": {
				"LeftTop": [
					93,
					0
				],
				"RightBottom": [
					621,
					479
				]
			}
		},
		"IO": {
			"Input": false,
			"Output": {
				"Duration": 0,
				"Mode": "Low"
			}
		},
		"Overlay": {
			"Text": {
				"Angle": 0,
				"Color": [
					255,
					0,
					0
				],
				"Mirror": {
					"Horizontal": false,
					"Vertical": false
				}
			}
		}
	},
	"Sensor": {
		"Left": {
			"ModelName": "UI122xLE-M",
			"Port": {
				"Bandwidth": 480,
				"Type": "USB"
			},
			"SerialNumber": "4102844318"
		},
		"Right": {
			"ModelName": "UI122xLE-M",
			"Port": {
				"Bandwidth": 480,
				"Type": "USB"
			},
			"SerialNumber": "4102844301"
		},
		"Size": [
			752,
			480
		]
	},
	"SerialNumber": "160824",
	"Status": {
		"Available": false,
		"Calibrated": true,
		"DynamicCalibrationLimitReached": false,
		"Open": true,
		"Overtemperature": false,
		"Paired": true,
		"ValidFirmware": true,
		"ValidIpAddress": true
	},
	"Type": "Stereo"
}