{
	"Calibration": {
		"Dynamic": {
			"CalibrationHistory": [
				{
					"Epipolar": 0.00026759841619523444,
					"Time": 13149694123.6909027
				},
				{
					"Epipolar": 0.000256362073608480201,
					"Time": 13149694126.7099152
				},
				{
					"Epipolar": 0.000250308855733953563,
					"Time": 13149694129.7119217
				},
				{
					"Epipolar": 0.000241325258335389048,
					"Time": 13149694190.7826977
				},
				{
					"Epipolar": 0.000262873573119300717,
					"Time": 13149694251.8604851
				},
				{
					"Epipolar": 0.000245415907257913565,
					"Time": 13149694312.2598209
				},
				{
					"Epipolar": 0.000241728893057643678,
					"Time": 13149694374.3369083
				},
				{
					"Epipolar": 0.000251669545708793575,
					"Time": 13149694434.3890076
				},
				{
					"Epipolar": 0.000227747799321959709,
					"Time": 13149694494.5071507
				},
				{
					"Epipolar": 0.000240786764010971562,
					"Time": 13149694555.5619202
				},
				{
					"Epipolar": 0.000246173798087552672,
					"Time": 13149694615.7981415
				},
				{
					"Epipolar": 0.000231096442939707209,
					"Time": 13149694675.859251
				},
				{
					"Epipolar": 0.000267209151398874851,
					"Time": 13149694736.9030075
				}
			],
			"Stereo": {
				"Angle": {
					"Epipolar": 0.00026759841619523444,
					"Vergence": 0
				},
				"Left": {
					"Camera": [
						[
							546.836727819541238,
							0,
							0
						],
						[
							0,
							546.836727819541238,
							0
						],
						[
							235.063302265785381,
							198.541499888014698,
							1
						]
					],
					"Rotation": [
						[
							0.996702338543427935,
							-0.000372040849065023011,
							-0.0811437608671711358
						],
						[
							0.0006636307664319856,
							0.99999341960718402,
							0.00356655807974906244
						],
						[
							0.0811419000040538296,
							-0.00360864627485230245,
							0.996696026748273511
						]
					]
				},
				"Reprojection": [
					[
						1,
						0,
						0,
						0
					],
					[
						0,
						1,
						0,
						0
					],
					[
						0,
						0,
						0,
						0.00990317594310187975
					],
					[
						-235.063302265785381,
						-198.541499888014698,
						546.836727819541238,
						1.33776880829912925
					]
				],
				"Right": {
					"Camera": [
						[
							546.836727819541238,
							0,
							0
						],
						[
							0,
							546.836727819541238,
							0
						],
						[
							370.148129192541205,
							198.541499888014698,
							1
						]
					],
					"Rotation": [
						[
							0.997780529528089488,
							0.00560646008493017808,
							0.0663519592774876182
						],
						[
							-0.00538163925808426112,
							0.999979158580386662,
							-0.00356656189597742181
						],
						[
							-0.0663705721953723737,
							0.0032015637082645227,
							0.997789906311083441
						]
					]
				}
			}
		},
		"Monocular": {
			"Left": {
				"Camera": [
					[
						626.743516615815565,
						0,
						0
					],
					[
						0,
						626.608651195224866,
						0
					],
					[
						353.735306484367527,
						228.693414203670557,
						1
					]
				],
				"Distortion": [
					-0.443374857533918643,
					0.250473790762366477,
					5.98528579362717983e-05,
					0.000318099017227221025,
					-0.0921037798408639308
				]
			},
			"Right": {
				"Camera": [
					[
						628.984468490783684,
						0,
						0
					],
					[
						0,
						628.924291082453351,
						0
					],
					[
						359.921933167854093,
						218.36567661341499,
						1
					]
				],
				"Distortion": [
					-0.442140065392049642,
					0.245346434513161488,
					4.71924922192548687e-05,
					0.000386673578674646154,
					-0.085218780000478056
				]
			}
		},
		"Stereo": {
			"Angle": {
				"Epipolar": 0.00766838436511232263,
				"OpticalAxis": -0.00598815237491895965,
				"Vergence": 0.147633462066715349
			},
			"Baseline": 100.977707126021159,
			"Left": {
				"Camera": [
					[
						607.596364243934659,
						0,
						0
					],
					[
						0,
						607.596364243934659,
						0
					],
					[
						261.181446961983738,
						220.601666542238547,
						1
					]
				],
				"Rotation": [
					[
						0.996702338543427935,
						-0.000350326894111274907,
						-0.0811438575194037004
					],
					[
						0.0006636307664319856,
						0.999992429397681626,
						0.00383415460414921177
					],
					[
						0.0811419000040538296,
						-0.00387536042064942025,
						0.996695025394098266
					]
				]
			},
			"Rectification": true,
			"Reprojection": [
				[
					1,
					0,
					0,
					0
				],
				[
					0,
					1,
					0,
					0
				],
				[
					0,
					0,
					0,
					0.00990317594310187975
				],
				[
					-261.181446961983738,
					-220.601666542238547,
					607.596364243934659,
					1.48640978699903248
				]
			],
			"Right": {
				"Camera": [
					[
						607.596364243934659,
						0,
						0
					],
					[
						0,
						607.596364243934659,
						0
					],
					[
						411.275699102823523,
						220.601666542238547,
						1
					]
				],
				"Rotation": [
					[
						0.997780529528089488,
						0.00562421556319612007,
						0.0663504566219705327
					],
					[
						-0.00538163925808426112,
						0.999978168370373677,
						-0.0038341546041492959
					],
					[
						-0.0663705721953723737,
						0.00346857058907203315,
						0.997789013852391271
					]
				]
			}
		}
	},
	"EepromId": 1,
	"Images": {
		"DisparityMap": 13149694763.5259991,
		"Normals": null,
		"PointMap": null,
		"Raw": {
			"Left": 13149694763.868,
			"Right": 13149694763.868
		},
		"Rectified": {
			"Left": 13149694763.868,
			"Right": 13149694763.868
		},
		"WithOverlay": {
			"Left": null,
			"Right": null
		}
	},
	"Link": {
		"Rotation": null,
		"Target": "",
		"Translation": null
	},
	"ModelName": "N10-304-18",
	"Parameters": {
		"Capture": {
			"AbsoluteBlackLevelOffset": 0,
			"AutoBlackLevel": false,
			"AutoExposure": true,
			"AutoGain": true,
			"Binning": 1,
			"BlackLevelOffset": 1,
			"BlackLevelOffsetCalibration": {
				"Left": 0,
				"Right": 0
			},
			"Exposure": 6.78607142857142875,
			"FlashDelay": 0,
			"FrontLight": false,
			"Gain": 4,
			"GainBoost": false,
			"HardwareGamma": true,
			"Hdr": false,
			"MaxFlashTime": 7,
			"MaxGain": 4,
			"MultiExposureFactor": 1,
			"PixelClock": 14,
			"Projector": true,
			"TargetBrightness": 80,
			"TriggerDelay": 0,
			"TriggerMode": "Software",
			"Triggered": true,
			"UseDisparityMapAreaOfInterest": false,
			"UseRecalibrator": true
		},
		"DisparityMap": {
			"AreaOfInterest": {
				"LeftTop": [
					0,
					0
				],
				"RightBottom": [
					751,
					479
				]
			},
			"MeasurementVolume": {
				"Far": {
					"DisparityStep": 30.4490262015028961,
					"LeftBottom": [
						-557.38522392248035,
						551.208682464180015,
						1296.66651087925425
					],
					"LeftTop": [
						-557.38522392248035,
						-470.784241122668391,
						1296.66651087925425
					],
					"PixelSize": 2.37121327978387075,
					"RightBottom": [
						1045.5549532114162,
						551.208682464180015,
						1296.66651087925425
					],
					"RightTop": [
						1045.5549532114162,
						-470.784241122668391,
						1296.66651087925425
					]
				},
				"Near": {
					"DisparityStep": 1.94288104886101065,
					"LeftBottom": [
						-140.796498267203987,
						139.236292916565134,
						327.540265361507295
					],
					"LeftTop": [
						-140.796498267203987,
						-118.920936086159031,
						327.540265361507295
					],
					"PixelSize": 0.598972689101448186,
					"RightBottom": [
						264.109039565374928,
						139.236292916565134,
						327.540265361507295
					],
					"RightTop": [
						264.109039565374928,
						-118.920936086159031,
						327.540265361507295
					]
				}
			},
			"PostProcessing": {
				"Filling": {
					"BorderSpread": 3,
					"RegionSize": 169
				},
				"MedianFilterRadius": 8,
				"SpeckleRemoval": {
					"ComponentThreshold": 8,
					"RegionSize": 164
				},
				"UniquenessOffset": 16,
				"UniquenessRatio": 3.40000009536743164
			},
			"Scaling": 0.900000000000000022,
			"StereoMatching": {
				"CostScale": -3,
				"DepthChangeCost": 5,
				"DepthStepCost": 27,
				"Method": "SgmAlignedAndDiagonal",
				"MinimumDisparity": -103,
				"NumberOfDisparities": 128,
				"Padding": true,
				"PropagationDecay": 3,
				"ScaledMinimumDisparity": -93,
				"ScaledNumberOfDisparities": 128,
				"ShadowingThreshold": 1
			},
			"ValidRegion": {
				"LeftTop": [
					34,
					0
				],
				"RightBottom": [
					583,
					431
				]
			}
		},
		"IO": {
			"Input": false,
			"Output": {
				"Duration": 0,
				"Mode": "Low"
			}
		},
		"Overlay": {
			"Text": {
				"Angle": 0,
				"Color": [
					255,
					0,
					0
				],
				"Mirror": {
					"Horizontal": false,
					"Vertical": false
				}
			}
		}
	},
	"Sensor": {
		"Left": {
			"ModelName": "UI122xLE-M",
			"Port": {
				"Bandwidth": 480,
				"Type": "USB"
			},
			"SerialNumber": "4102844318"
		},
		"Right": {
			"ModelName": "UI122xLE-M",
			"Port": {
				"Bandwidth": 480,
				"Type": "USB"
			},
			"SerialNumber": "4102844301"
		},
		"Size": [
			752,
			480
		]
	},
	"SerialNumber": "160824",
	"Status": {
		"Available": false,
		"Calibrated": true,
		"DynamicCalibrationLimitReached": false,
		"Open": true,
		"Overtemperature": false,
		"Paired": true,
		"ValidFirmware": true,
		"ValidIpAddress": true
	},
	"Type": "Stereo"
}